812.5982691772997
72.3478260869565
11.130434782608745
38.95652173913038
22.260869565217376
16.695652173913118
11.130434782608631
33.39130434782612
0.0
0.0
11.130434782608745
5.5652173913043725
0.0
5.5652173913043725
33.39130434782601
11.130434782608631
66.78260869565213
72.3478260869565
11.130434782608631
83.47826086956513
11.130434782608631
72.3478260869565
16.695652173913004
38.95652173913038
11.130434782608745
0.0
16.1472417912677
22.550090340516856
5.565217391304259
47.01385110416206
55.61768171151877
85.02375215386081
47.01385110416206
7.578947368421041
36.67071009541999
28.83975656147614
27.82608695652175
5.565217391304259
28.839756561476143
44.52173913043487
55.00606514312992
0.0
68.4812280632421
67.32886113384103
9.402770220832439
67.32886113384093
0.0
40.39731668030473
23.515670456376803
30.822373951810047
15.15789473684211
28.2083106624972
36.670710095420084
7.578947368421041
50.657118520735764
7.578947368421041
50.65711852073588
50.65711852073588
57.67951312295229
9.402770220832416
41.15019084675857
16.147241791267696
7.578947368421055
0.0
5.5652173913043725
0.0
13.465772226768152
16.147241791267696
0.0
23.4080249814491
34.60913019601948
23.408024981449078
9.402770220832439
7.578947368421069
5.5652173913043725
11.130434782608745
7.578947368421041
9.402770220832348
18.805540441664853
32.29448358253538
7.578947368421069
11.130434782608631
13.465772226768252
0.0
13.46577222676816
0.0
9.402770220832416
9.402770220832416
7.578947368421069
23.408024981449078
377.4929886083036
0.0
5.565217391304486
0.0
0.0
11.130434782608518
11.130434782608745
5.565217391304486
5.565217391304259
5.565217391304259
11.130434782608518
44.52173913043487
83.47826086956525
73.91866957921854
61.684758582026795
50.65711852073588
50.65711852073588
0.0
22.26086956521749
7.578947368421052
5.5652173913043725
16.695652173913118
40.39731668030454
86.28928057765046
85.21534431862014
9.402770220832416
47.013851104161986
37.611080883329684
0.0
25.315026513309693
48.4417253738031
15.15789473684211
70.22407494434722
13.465772226768152
48.4417253738031
37.89473684210526
11.130434782608631
5.565217391304259
22.550090340516938
9.402770220832425
69.21826039203899
94.39489554610182
7.578947368421055
84.84327793443848
67.21128824393926
31.68679359236424
30.822373951810054
9.402770220832416
32.294483582535364
35.93403823996932
47.03134091275381
45.16221538423233
72.74371713572107
27.82608695652175
34.24061403162099
5.5652173913043725
13.46577222676824
16.147241791267707
0.0
26.931544453536397
23.515670456376903
61.68475858202691
94.91177870116522
57.67951312295229
0.0
73.34142019083997
58.46534302927586
16.695652173913004
34.60913019601949
23.515670456377013
0.0
0.0
9.402770220832357
9.40277022083249
22.736842105263154
30.315789473684212
7.578947368421055
56.41662132499441
53.311791106570226
53.86308890707279
70.54701136913083
5.565217391304486
37.611080883329684
0.0
45.47368421052633
22.73684210526318
22.736842105263122
15.157894736842138
7.5789473684210975
30.31578947368422
15.157894736842138
0.0
37.89473684210526
7.578947368421041
0.0
7.578947368421041
0.0
15.157894736842081
7.578947368421041
15.157894736842138
7.5789473684210975
15.157894736842138
22.736842105263122
22.73684210526318
15.157894736842081
22.736842105263122
15.157894736842138
22.736842105263122
7.578947368421041
15.157894736842081
0.0
7.5789473684210975
15.157894736842138
0.0
0.0
0.0
0.0
0.0
7.578947368421041
0.0
0.0
7.5789473684210975
7.5789473684210975
7.5789473684210975
0.0
0.0
7.5789473684210975
0.0
15.157894736842081
7.578947368421041
0.0
7.578947368421041
7.578947368421041
0.0
0.0
0.0
318.31578947368416
15.157894736842106
0.0
0.0
7.578947368421052
0.0
0.0
0.0
0.0
0.0
0.0
0.0
0.0
0.0
0.0
0.0
0.0
0.0
0.0
0.0
0.0
0.0
0.0
0.0
0.0
0.0
0.0
0.0
0.0
68.21052631578947
83.36842105263158
0.0
75.78947368421052
53.0526315789474
22.73684210526318
37.89473684210526
7.578947368421041
7.578947368421041
7.578947368421041
7.578947368421041
0.0
15.157894736842081
0.0
15.157894736842081
30.315789473684248
30.31578947368419
0.0
7.578947368421069
113.68421052631581
22.736842105263122
